0.0604762
1.238005
2.098027
2.519229
4.582041
4.900159
8.705714
10.732086
10.801361
11.22941
11.229841
11.698912
13.967075
14.405283
15.371633
15.841156
16.411474
16.800748
18.32458
18.921088
19.693605
20.112063
20.659297
21.250703
23.06381
23.519796
24.753878
25.295601
26.209546
27.21551
29.280023
29.722812
30.473991
31.218776
31.666077
32.120476
36.833764
37.22542
37.225442
37.772063
37.772109
38.076621
40.24195
40.744989
44.096667
44.388254
44.918118
45.756259
46.653764
46.916372
47.582426
48.071338
49.350726
49.749932
51.345283
53.119229
54.688481
54.977143
55.935374
56.384263
57.494694
57.869388
61.102834
61.597188
62.737483
63.534263
64.395533
64.901655
67.408617
68.563039
71.879252
72.405669
73.322698
73.752063
74.347982
74.749955
75.932925
77.620658
78.234785
79.043583
79.943039
80.378753
82.162041
82.46907
83.572925
83.829093
85.006463
85.361882
86.721633
87.015351
87.554263
87.895533
90.72195
91.174921
93.526757
94.093061
95.292472
95.608957
96.5139
97.268367
97.62551
97.966871
99.180295
99.572449
102.533605
102.920907
104.151905
104.424399
106.935034
109.106281
111.905805
112.313107
113.050181
113.389025
114.113469
114.934989
115.982902
116.394762
117.392404
117.922132
118.657143
119.328277
120.048617
120.41542
122.384762
122.760159
122.761746
123.747891
124.634263
124.942857
125.070544
125.587052
126.305714
127.144717
127.178277
127.64288
132.640839
132.968322
134.843764
135.361429
137.617029
137.875306
138.490544
139.084036
139.664558
140.924331
141.51898
141.866009
142.593061
142.86059
143.722245
144.510635
145.96907
147.075193
